3.776917 6.958315 3.772173 8.359763 5.481413 2.089668 7.641308 7.065061 2.8645 6.460801
4.85396 8.185096 3.443301 4.340883 2.354132 3.821524 4.091768 6.1969 6.75437 5.649847
3.28423 5.467876 6.848927 6.226043 3.701626 1.115328 8.148034 8.107147 3.622003 5.497207
4.874186 3.11056 2.108266 5.465625 6.426856 3.07137 1.850071 7.324902 1.885201 4.72969
7.150973 7.722592 2.974091 3.554373 7.197303 4.148108 4.842163 4.567644 4.662612 4.949355
5.110947 3.59525 4.813358 2.221649 7.323724 6.143892 8.879189 9.87512 1.964412 5.100178
2.292385 2.157791 3.067337 3.580646 4.632528 4.521387 3.463692 4.157183 6.770431 6.511405
4.733868 2.60968 5.549726 7.376608 4.556398 7.026266 5.074277 7.959496 1.256035 6.986711
5.069405 2.477998 5.673337 4.24136 7.434022 6.098614 7.694762 5.401015 5.395085 6.447
4.535953 6.606571 4.135421 5.591579 4.509269 4.735184 2.163232 5.813894 3.897215 3.584435
1.847571 7.153872 4.948098 4.190793 4.580417 2.429442 6.181422 3.589429 5.208721 2.424739
6.040924 2.762293 4.522208 4.168891 10.514337 2.64458 2.918733 3.900396 3.187448 2.278122
4.845926 6.288816 6.956376 5.179668 8.068036 5.037852 5.057931 4.595967 6.826913 6.170748
10.179538 6.584159 7.063099 5.671375 3.603095 3.47526 7.790506 7.988453 6.546195 3.522159
4.574213 5.953324 6.351856 6.930458 7.889354 0.586758 6.713262 5.478398 4.927555 7.548892
3.3581 1.870787 5.400036 2.868282 4.957364 2.647077 3.774696 3.340545 5.814119 3.619053
5.237794 7.560569 5.049634 3.92395 4.416331 5.331689 7.904682 5.023288 5.792399 2.833783
1.173727 6.37802 3.246332 4.035683 3.194984 3.234478 3.541144 8.625274 2.841037 3.395584
4.92973 3.948759 5.617251 6.667465 2.609655 7.617175 2.775822 4.495214 4.224207 3.958122
10.228298 5.338508 6.000432 3.183142 4.358983 8.759116 5.637558 2.343852 4.264341 7.409137
4.457913 3.821588 5.829812 3.139303 3.286095 5.89697 4.012956 2.339075 4.142861 1.800292
5.477308 6.276241 5.38073 6.628801 4.931564 5.344622 4.649822 4.476595 3.313955 4.028891
4.479243 8.63962 3.74368 4.189988 6.464684 5.644882 3.357324 5.572735 3.701676 4.975991
7.265035 1.916665 4.159749 2.523905 4.902916 3.143754 6.871177 3.574917 5.481052 2.069482
4.327596 3.859185 7.074433 7.628188 5.062173 4.692123 0.550708 7.444999 4.01996 3.425001
4.415816 4.087895 4.214403 1.392396 4.510447 4.228354 3.655946 4.277358 5.183163 3.689028
7.824183 3.429858 6.762408 6.319635 7.439142 6.427209 3.441995 3.464079 4.630121 1.617112
3.470511 6.091774 1.711554 2.401684 8.522305 5.713525 4.08504 2.263522 2.030143 3.197291
4.899993 7.015653 4.530009 1.357197 3.886404 7.776212 2.69654 9.287689 5.831228 7.981977
5.496911 4.746666 1.305837 3.405889 3.044436 1.754998 4.979257 4.775211 1.066318 4.281096
1.80072 4.319798 4.33421 4.984958 2.916286 2.1886 2.568419 3.132739 5.331083 5.731949
2.137085 4.379762 3.232485 1.937291 4.19484 1.613766 4.454657 8.383662 4.399131 4.084033
3.290918 4.350329 4.546325 4.443608 2.847722 5.649771 2.798528 7.072764 4.285136 4.75029
6.780231 7.653213 9.933275 5.893088 3.417068 5.614469 5.094857 6.952214 5.224389 7.107797
1.964986 1.909114 7.994521 7.304482 3.512199 8.663458 3.907023 7.705314 5.389866 6.600201
3.286788 6.059271 2.928786 5.880037 2.414404 5.878435 4.856067 3.547098 4.217814 4.416145
3.40402 7.092535 5.333765 2.649198 6.673943 2.032467 6.880346 3.713133 4.600913 5.071385
2.426118 5.986722 3.071188 9.090494 7.603013 7.631258 6.08866 3.349545 4.559601 1.458348
9.195483 1.061365 7.3214 3.166634 2.532388 6.974116 4.023984 2.86516 2.909187 4.220504
3.002751 7.208897 7.513001 4.119757 6.752491 2.411805 5.975628 5.017125 4.459699 2.533649