5.061416 4.882332 3.912207 4.181802 3.301085 6.319638 4.347718 4.274292 7.471754 2.4036
5.461324 2.789824 2.217251 4.533203 7.422335 7.294195 3.437221 6.06264 5.189411 7.181458
5.150599 5.438119 3.289236 5.423181 5.236302 3.19141 5.349263 3.989748 2.830032 8.636496
4.868978 8.816998 7.132446 3.950771 4.141702 1.007006 2.478733 4.748524 2.724897 3.96016
2.811798 3.005714 5.283518 1.594666 5.144758 3.926501 6.158947 6.144069 6.450032 3.344905
4.707143 1.900209 3.668272 3.153291 5.739294 5.028115 9.341649 4.464943 4.440304 2.5212
6.24512 3.616279 6.442358 3.87293 2.305699 4.575298 4.989394 10.317191 3.87555 7.650634
6.438352 2.398165 5.442296 2.369172 4.87262 2.367833 4.423824 5.16149 2.944764 1.803055
4.13756 3.577352 3.879682 5.993284 4.993318 2.460173 3.309851 4.883632 10.081313 3.417654
5.836967 4.213467 6.091242 5.818177 3.630374 2.803353 3.47463 5.206942 8.077985 9.373814
4.49261 2.349592 3.819781 5.362941 2.585361 4.353973 1.791723 5.969646 3.415229 6.405717
3.657213 5.849514 3.939566 4.570641 0.748869 7.69833 3.108813 5.583124 5.791647 5.879173
5.505198 3.521625 5.37728 8.106184 4.790151 5.569303 6.816087 3.11577 4.35026 3.920286
5.7473 3.10666 4.586752 2.837911 6.545446 3.360672 7.278631 5.482849 5.255767 3.98858
7.114459 3.259477 2.451399 7.02649 2.356987 4.94552 2.300712 8.628625 5.02199 4.918121
6.761225 4.415894 1.766597 3.049868 2.646354 5.857904 5.415275 3.606836 7.204934 2.930211
3.68333 7.560606 3.727815 4.041816 4.036268 4.50236 3.066306 4.397979 2.123369 3.6508
6.154693 2.986366 2.883484 4.217684 4.53297 6.14466 3.699963 3.422814 5.240527 3.886923
3.280748 7.41801 3.415226 2.283739 1.988332 3.359815 3.451087 3.654288 2.813468 6.479301
4.793653 7.747145 3.822243 2.7818 2.393895 6.623358 5.570403 2.144239 3.636316 5.656981
2.558499 4.105308 5.325361 5.668274 7.658885 2.693133 6.843641 7.921616 4.610832 6.996999
5.90041 3.124521 5.126303 5.893294 3.998687 1.824214 4.918997 2.726485 5.995574 7.398376
3.427968 4.145796 4.181976 2.537424 4.701599 6.92239 3.073489 6.640258 3.60121 3.345104
3.996408 5.402394 2.810712 4.976854 5.840185 7.824732 5.141388 6.781703 4.859883 5.529501
7.632582 5.366487 4.989315 4.517233 4.147943 3.558954 6.210423 8.206518 4.964048 7.233523
1.88697 4.32315 3.468355 6.374386 3.678871 6.302066 6.952685 0.72133 6.274352 4.822251
5.773528 5.197064 3.830331 8.412084 8.211417 4.173574 5.023484 1.668932 3.025083 1.925318
1.946488 5.96605 5.815076 5.41467 5.964869 4.504554 7.507203 7.218372 4.948556 4.602901
2.865543 5.45614 3.206578 5.99543 10.578777 4.117617 3.627889 4.435276 1.958924 5.429656
7.287589 3.6454 3.89197 6.706588 3.209973 4.502658 4.413237 2.618649 3.78888 2.257637
4.94776 4.168455 4.498686 6.295945 4.228628 5.209727 5.89263 3.102987 4.812078 4.302369
2.015071 4.921818 5.292456 0.279167 1.398984 3.787828 2.828896 5.606239 6.546879 4.722382
5.533615 6.150162 3.285801 2.835635 4.098189 5.204852 4.680998 3.38924 6.605929 1.815117
3.126459 5.532529 2.890921 2.722636 6.222446 3.313016 1.867724 2.650951 3.523293 4.051961
1.113226 6.73408 5.79159 3.519628 3.085916 8.011318 4.483 3.840466 1.449971 6.225193
8.762854 5.633691 1.492916 4.832575 5.243113 3.902156 6.456079 5.186275 3.438716 5.266621
6.473639 4.574604 7.246956 5.665125 6.062608 7.222708 5.234118 3.156636 7.394885 2.124448
3.930468 7.048137 5.389841 5.413147 5.665329 4.806846 4.033763 5.256146 6.912381 3.902277
8.929271 7.156721 5.833123 5.876008 6.000651 5.304029 5.256796 3.619226 6.535437 5.736013
7.176891 6.18691 4.992407 2.247415 3.08024 4.758851 3.336557 1.667183 4.468542 1.815571
5.017935 3.015861 7.510548 4.324292 2.463092 5.06945 4.640386 3.566869 4.585277 6.334102
6.327455 8.209358 5.559412 3.740514 3.645189 7.811718 4.167114 3.715088 3.926512 6.174275
5.591913 4.334397 4.905598 4.30793 3.843074 2.859362 2.709063 4.945361 7.447728 4.658335
4.312745 3.481477 3.010259 7.757464 5.26275 3.676211 4.919421 3.941788 3.354463 3.931874
4.17715 3.454763 2.830399 1.545217 2.270638 5.340349 7.842598 5.568035 4.098024 9.463085
4.175002 2.118377 3.332668 3.189403 1.768011 6.826156 4.302221 3.745546 1.523979 3.580423
10.419625 3.066189 4.829626 6.503275 7.820828 3.746122 4.69685 7.361343 4.738473 8.101198
6.651538 3.733125 4.630453 10.130821 2.875091 6.400557 4.453064 8.318552 6.082165 6.105496
2.532748 3.223148 6.278481 1.120307 2.469205 3.905496 3.873247 6.248985 2.593933 3.342106
3.216449 3.470084 1.72454 8.31918 4.798583 8.110346 4.308294 3.835996 7.692004 3.313351
3.814296 6.314529 6.187164 5.245177 3.93131 6.225619 3.806478 8.689573 6.55144 2.039802
1.280372 2.163406 7.49654 3.563709 4.400472 5.757024 3.863079 3.87251 4.248678 5.249299
4.557954 3.793062 7.607625 4.26234 6.493167 7.843516 2.531672 5.658428 4.331216 5.403498
2.32469 5.873036 4.955146 10.280648 5.461348 1.741459 4.979855 3.30714 3.429942 3.642995
3.340144 2.018182 3.518081 3.884849 7.624648 4.72792 3.71174 6.96879 5.979986 3.481308
6.334274 5.009114 4.252564 4.59556 4.28277 3.773017 5.529999 3.102911 7.16988 4.748758
5.286643 9.361536 2.543247 3.89872 4.783506 4.828876 5.798164 4.613802 5.376776 2.773596
3.915419 5.839008 5.969814 4.780935 7.146395 5.419471 5.254007 10.460688 3.264649 5.022777
5.118208 4.369596 3.490503 3.056565 4.111746 7.314587 6.98774 1.980807 8.895519 9.795395
4.739094 3.395745 5.72168 4.63727 5.4218 1.117444 9.546361 3.499012 3.155976 2.021423