43 53 47 68 55 47 56 56 49 56
52 52 55 51 47 52 52 44 51 49
52 58 51 57 51 61 63 46 47 58
61 58 52 56 53 56 44 51 52 50
55 57 47 58 45 44 50 55 51 55
55 58 53 54 56 48 43 62 59 43
53 54 55 46 43 56 57 54 59 53
64 50 56 49 56 53 54 53 55 54
48 46 49 56 58 52 56 55 51 49
49 56 54 53 57 49 49 53 51 58
52 50 53 51 45 61 48 55 53 47
53 46 56 64 61 51 48 51 61 54
55 48 49 51 47 49 54 43 54 52
50 48 52 59 52 46 46 56 48 44
60 59 58 54 45 54 50 59 53 46
56 53 47 56 58 49 54 57 55 51
53 48 50 53 49 55 62 55 52 49
51 48 53 49 50 49 47 50 54 51
40 51 52 50 51 52 46 53 47 54
57 48 55 60 48 49 59 55 56 58
55 58 47 59 49 54 52 52 51 54
57 54 60 49 57 55 47 56 59 59
54 46 49 51 58 52 49 50 46 60
59 54 39 52 43 59 49 61 51 51
55 52 44 44 52 49 54 49 57 62
53 54 54 51 53 57 51 48 55 47
46 53 51 49 52 57 53 56 51 62
55 43 49 60 55 60 59 53 59 47
51 55 50 56 48 45 50 50 53 49
49 52 44 48 52 54 51 61 51 51
45 56 55 55 48 47 46 50 55 51
52 54 60 50 47 52 51 55 47 48
54 46 47 51 51 61 51 56 50 50
49 50 56 51 42 49 50 51 55 46
50 49 49 54 50 55 57 47 48 51
49 49 55 53 55 48 56 53 40 54
51 56 60 49 44 57 52 59 55 46
51 51 52 59 55 55 51 53 53 53
43 44 45 53 53 53 58 57 53 45
43 60 55 43 56 51 52 53 45 55
46 55 53 50 51 57 53 50 53 56
50 53 57 54 53 57 50 58 49 51
53 62 52 53 50 47 49 52 44 55
51 52 47 54 58 54 49 48 54 52
59 52 51 40 51 41 52 55 46 40
45 60 54 57 50 54 54 58 52 51
48 54 55 63 50 57 56 55 52 52
57 51 59 50 57 52 50 49 50 50
55 56 50 53 57 50 56 57 59 50
51 51 50 58 51 54 45 53 56 45
54 51 56 48 55 54 59 50 51 58
44 47 54 52 59 58 48 56 49 56
62 54 48 51 47 59 51 54 50 56
51 49 47 52 51 48 54 45 50 50
55 54 52 52 47 52 58 45 48 60
51 59 51 49 64 49 48 50 54 55
53 52 49 50 46 58 61 53 52 52
50 51 58 54 54 50 60 49 56 51
48 54 51 49 54 50 60 55 50 57
47 60 61 57 58 47 57 57 56 52