50 58 48 50 50 60 54 55 42 50
50 57 45 50 48 52 45 49 46 52
51 53 57 58 52 56 62 46 56 60
53 45 52 52 55 53 57 49 55 49
52 56 52 59 47 46 52 52 54 52
54 59 65 56 60 48 63 48 53 55
55 51 45 57 47 46 61 55 43 52
48 46 57 47 57 45 44 58 42 62
57 50 58 68 52 53 48 50 47 43
54 59 55 48 46 49 45 55 48 50
61 62 55 57 52 52 47 45 58 52
56 50 48 53 50 51 52 51 61 48
52 52 54 53 58 56 49 54 46 62
55 56 54 57 61 52 57 57 57 64
50 47 48 50 47 58 51 55 50 59
49 43 43 54 48 52 45 58 47 60
56 54 50 44 39 58 41 57 47 48
52 51 55 48 54 57 59 50 57 57
49 54 57 44 58 50 57 52 57 57
57 55 48 52 47 62 55 52 46 54
53 51 46 41 55 56 45 48 59 55
48 55 59 47 53 55 48 45 53 55
49 47 54 57 56 47 53 48 52 48
53 52 47 54 56 45 46 53 51 53
46 58 55 55 49 48 56 56 61 55
55 47 55 58 53 54 54 57 51 53
49 58 50 59 50 49 53 52 55 59
53 57 58 55 49 58 45 54 59 50
49 50 58 51 53 55 53 57 43 49
50 59 43 61 48 53 52 56 47 56
57 49 53 50 52 48 51 43 50 48
49 46 52 51 54 61 57 55 55 56
58 53 51 51 58 53 52 48 57 51
48 51 56 46 58 55 44 37 62 53
58 54 51 47 58 44 60 51 54 52
51 56 58 51 50 53 50 48 48 50
61 49 56 54 52 50 47 46 61 55
54 57 55 57 54 51 47 58 52 46
46 42 58 48 56 54 60 50 55 50
44 48 54 49 48 51 57 48 44 41