48 54 46 46 47 59 55 53 46 52
56 52 47 52 49 51 51 50 50 52
49 48 52 59 50 49 53 58 53 52
51 48 47 45 54 54 55 45 57 56
46 53 52 52 57 57 44 60 55 50
54 52 49 54 50 56 51 48 44 51
54 48 58 51 55 50 51 46 52 62
54 48 49 46 53 47 53 47 50 53
52 60 53 55 49 46 49 58 58 51
54 52 55 58 36 56 52 56 52 54
63 55 55 45 53 52 50 57 58 51
48 36 49 47 59 56 44 42 52 52
51 54 50 51 53 52 56 53 52 51
54 54 47 56 55 49 53 48 44 48
43 51 46 46 54 52 50 56 54 53
47 54 56 71 61 61 51 55 55 50
55 51 52 56 50 46 59 59 50 50
50 52 58 51 58 62 50 53 59 45
53 55 49 53 51 49 51 51 50 45
60 62 43 52 56 57 54 56 54 56
55 48 46 51 55 50 52 49 50 54
46 58 51 46 53 54 52 61 55 55
46 60 54 56 52 51 56 57 52 51
54 53 52 53 52 48 52 47 50 55
55 51 53 50 52 55 58 62 55 62
58 47 51 50 46 62 49 53 51 55
55 51 56 55 51 59 57 51 42 47
52 53 56 55 57 49 50 59 39 44
50 50 52 41 49 61 53 54 57 54
47 51 53 51 52 51 56 50 61 52
52 50 56 46 51 57 59 56 48 42
48 52 58 55 47 51 53 56 52 50
56 56 50 45 54 58 47 47 51 46
50 49 54 56 53 53 50 55 56 61
57 50 45 54 52 51 55 62 53 49
49 50 57 53 52 50 46 50 53 54
59 59 52 55 48 48 50 48 47 53
52 54 54 50 57 50 47 52 44 60
55 58 57 54 50 53 50 52 61 61
51 53 54 52 58 45 51 56 55 51
52 50 51 56 46 50 54 51 55 51
55 56 43 55 49 45 49 55 49 58
47 50 55 51 52 53 45 52 56 53
51 39 44 54 47 47 45 51 49 51
51 46 42 52 51 50 54 56 55 51
62 45 52 55 54 52 49 50 56 45
55 51 53 50 47 50 59 54 56 46
49 51 52 52 56 54 48 53 49 53
59 52 56 62 60 47 46 51 61 48
57 51 55 42 58 50 48 46 46 52
44 50 53 51 53 43 58 50 43 53
48 50 51 49 55 50 53 49 52 51
48 56 49 49 59 54 50 59 45 50
47 50 49 53 47 51 48 53 55 52
57 53 48 52 54 56 53 48 51 52
49 50 53 49 56 55 49 60 51 51
49 51 57 50 54 48 52 55 45 46
59 53 49 55 52 56 55 59 54 49
51 54 52 50 55 60 51 64 60 51
43 58 50 51 52 53 54 51 52 57
51 55 49 50 48 53 47 51 49 53
48 56 49 56 51 51 46 47 50 49
52 61 58 48 50 50 43 54 54 49
55 49 53 50 56 55 56 55 49 57
55 56 57 46 57 44 52 54 54 57
53 48 53 58 57 55 54 46 55 57
51 52 51 51 50 45 48 45 56 47
59 54 52 53 54 44 55 43 50 60
53 43 54 54 47 56 51 60 51 55
49 50 59 48 58 53 53 52 60 55
50 52 46 48 45 52 50 49 44 51
41 47 57 56 48 58 49 53 55 53
53 44 57 54 49 54 57 49 58 53
52 62 51 47 51 50 53 59 55 50
51 56 53 54 50 50 57 59 49 57
59 55 58 50 46 46 58 58 58 45
52 51 46 53 45 52 51 56 58 52
46 46 50 48 57 55 56 50 55 52
59 55 49 48 49 45 52 54 51 51
50 49 51 53 47 49 52 53 53 57