47 55 57 59 60 52 52 56 58 55
56 48 59 52 53 56 52 51 54 53
49 61 60 54 51 44 59 52 49 53
49 50 44 52 50 52 60 54 61 62
62 45 54 51 59 55 55 53 43 52
54 44 52 57 59 59 54 50 52 47
51 58 58 50 48 47 50 51 47 51
53 57 46 51 56 56 60 43 44 53
47 52 54 48 60 54 59 51 46 54
48 47 46 54 51 57 49 59 48 54
56 52 50 63 51 55 51 60 58 50
50 54 52 49 50 54 56 52 52 54
54 57 46 53 52 55 62 46 52 61
49 53 54 54 45 56 54 54 55 53
57 49 54 51 52 64 53 58 57 54
63 57 53 48 51 48 52 59 54 65
52 50 53 53 42 57 51 59 50 58
48 56 60 55 49 55 56 47 49 51
56 57 55 55 46 47 54 53 55 47
61 50 56 52 67 53 44 58 57 53
52 49 47 53 46 46 61 55 44 58
52 50 58 48 46 55 48 46 44 52
51 53 54 49 55 51 50 55 46 60
58 58 59 46 44 57 54 54 54 54
50 52 53 56 56 54 55 54 47 50
56 54 49 57 45 55 59 52 50 47
40 44 55 50 49 50 48 44 49 49
64 54 51 51 50 49 61 52 58 53
56 51 49 53 39 58 56 50 47 53
55 55 57 52 43 56 51 51 53 56
60 47 46 53 47 56 59 54 57 52
52 43 55 60 53 51 45 49 57 45
62 53 57 64 50 53 56 47 57 56
58 51 57 57 55 60 52 51 60 45
46 60 44 59 58 48 50 54 54 56
56 60 57 55 60 50 41 59 57 58
48 51 48 51 48 50 60 45 54 51
51 50 45 52 53 54 56 58 45 50
49 45 49 62 53 51 43 57 51 52
50 57 47 54 55 53 53 57 55 50
51 49 56 50 57 49 55 60 56 56
49 59 48 51 52 50 57 55 53 45
51 53 55 55 44 49 44 55 44 56
54 55 49 43 58 49 53 47 50 63
37 47 59 48 51 45 52 43 61 54
54 53 53 59 51 52 51 45 55 47
52 52 54 48 44 59 51 55 44 48
57 49 50 49 49 51 50 46 61 57
51 53 55 51 46 51 48 53 46 46
44 50 52 51 52 52 43 57 49 56
44 52 53 47 49 50 42 48 49 49
53 57 56 55 47 52 55 46 48 56
52 55 50 51 58 50 61 51 55 53
58 53 55 47 53 49 54 51 49 57
52 41 55 49 44 49 60 49 54 57
44 48 52 59 50 61 51 48 53 55
58 51 49 58 53 49 53 54 52 55
52 50 45 60 56 48 57 58 54 47
60 48 52 53 59 54 56 44 46 57
51 55 54 56 55 66 63 49 53 59
56 49 49 53 56 45 52 65 51 54
53 47 45 49 50 48 45 44 53 52
52 56 58 51 55 44 52 55 50 56
51 57 54 52 63 53 54 45 53 43
44 56 52 53 53 54 53 56 58 42
51 54 54 56 53 55 50 48 54 47
51 50 58 46 56 60 58 44 55 43
51 48 52 54 52 45 57 45 50 52
53 52 49 49 58 56 55 60 56 52
62 54 51 51 44 50 53 51 49 49
50 54 61 49 57 51 51 57 60 53
46 59 55 50 54 50 60 54 57 50
53 47 53 51 51 53 55 52 52 55
52 53 44 55 57 55 58 58 52 57
54 50 56 50 58 49 54 62 55 52
55 54 55 51 53 59 44 54 50 51
48 56 51 45 55 49 51 55 53 58
51 54 58 52 56 62 55 51 49 52
47 56 46 56 49 55 53 50 51 60
51 51 64 50 67 53 48 51 56 56
56 50 50 54 59 55 54 53 47 46
56 52 49 59 52 51 45 55 57 51
57 49 51 57 57 43 54 50 43 59
62 53 45 50 51 49 47 48 48 51
56 57 52 54 59 51 54 54 52 53
54 51 48 51 48 59 54 45 51 55
51 57 46 59 53 55 56 53 52 46
46 47 51 48 49 56 51 51 48 53
56 49 54 49 49 47 51 54 50 57
51 53 53 53 50 50 51 49 51 49
47 48 54 50 52 47 49 57 54 58
52 54 57 56 52 52 45 52 61 48
51 57 48 44 62 51 50 56 56 59
58 50 60 45 56 52 58 50 50 49
51 57 48 58 54 63 56 54 55 47
53 50 45 55 50 49 58 50 59 48
43 48 56 45 45 57 50 52 60 54
56 50 48 56 52 47 54 47 55 49
60 50 50 45 57 53 47 51 56 57
50 51 43 55 48 50 49 55 53 50