48 50 53 49 53 48 49 52 52 52
51 48 52 53 52 57 55 49 47 50
48 51 59 59 57 60 49 48 49 53
50 50 51 51 55 57 55 57 52 48
50 52 52 51 57 57 49 52 49 52
50 57 56 52 48 43 49 53 55 51
44 51 53 47 45 47 58 56 58 60
52 53 62 51 55 40 61 49 45 48
46 50 58 50 51 54 54 53 55 53
50 41 54 50 52 57 48 57 52 51
48 49 48 57 56 50 46 55 57 50
45 52 52 54 54 54 48 53 55 52
47 56 43 64 48 49 57 58 53 43
51 43 50 52 55 63 54 51 51 42
47 60 61 47 47 50 60 52 56 50
53 51 53 54 50 52 51 50 53 52
49 47 50 54 62 50 50 48 49 55
49 56 50 50 56 51 55 46 42 48
48 44 50 55 42 56 52 60 60 57
57 53 57 59 59 57 58 58 49 55