4.163464 8.281889 4.346958 2.915387 3.621093 2.488622 5.432468 3.938306 2.496168 3.13166
5.022749 6.791328 2.250487 2.243167 6.207998 3.62662 5.868993 4.824561 8.089079 2.897955
7.934098 3.132094 3.92822 4.620692 10.293878 2.825236 3.766273 5.934309 5.022085 7.069286
5.477013 2.611119 5.123878 7.941912 3.61394 6.02347 3.71796 10.112785 2.252721 4.942372
3.938082 1.780738 4.541448 5.507187 7.418386 3.124036 3.85891 4.924271 5.476499 6.651391
3.625395 5.191589 4.157694 6.146099 2.639635 5.493403 3.68225 2.638331 3.984981 2.721442
2.341414 3.320608 4.93472 6.661868 7.127528 4.899688 6.297488 3.097076 3.238655 3.499899
4.803326 3.848491 7.305537 5.110893 3.134719 4.958308 4.690773 5.083176 5.174697 13.63153
4.955428 9.294255 4.740942 2.592964 9.97537 2.525156 2.113076 2.209332 6.20228 1.95286
2.466321 7.388283 5.475265 10.058142 3.072409 9.442314 3.545937 5.383646 4.481288 2.182793
5.212758 4.635863 1.306065 4.726436 6.695163 2.212387 3.627135 5.72037 6.225224 4.269051
4.594351 2.234496 6.740541 3.29108 9.246985 7.596288 6.928925 3.869056 3.43034 8.771654
6.20725 5.194098 4.606409 2.424896 7.141816 4.675675 3.95177 5.567589 3.370954 2.863342
5.1529 6.602498 4.350133 3.76478 4.191208 1.583009 5.459648 5.099775 3.130594 5.387404
3.097768 6.410503 5.793387 3.796698 2.063538 6.368327 3.038426 6.501752 3.739865 3.833632
5.200871 2.840246 2.335008 9.043127 7.382922 2.984322 1.486085 3.374738 7.026923 0.930176
5.41595 3.445524 9.844983 2.239749 9.040646 4.814995 4.284045 3.304887 4.885444 4.012325
5.050713 5.891153 8.822521 2.858886 3.470661 3.032715 5.598996 5.218481 8.817538 3.815099
4.375093 2.761266 4.851612 1.80923 4.541322 2.645631 4.487259 3.529743 4.337325 4.535549
4.977758 7.638169 7.67972 6.38841 2.048959 3.9431 4.792588 0.890109 5.894473 4.728456