8.79586 6.662023 4.220939 5.013085 3.985878 2.234072 4.484574 8.004695 8.793991 5.003493
3.625391 4.34854 2.762274 3.602267 4.026232 5.294448 4.447796 3.735027 2.823943 6.63729
1.805488 7.707142 3.794824 4.943531 4.372124 5.284159 2.773297 5.02206 5.015371 5.797837
6.096525 3.446629 4.211384 4.581355 6.872422 4.686202 5.57527 4.114533 1.771668 2.334193
3.679262 4.342544 1.916843 5.832384 8.523795 1.950464 1.452541 1.696632 4.618505 2.895523
8.401933 4.292967 2.727127 4.972628 3.430145 2.676287 3.269431 5.014027 4.023453 5.832528
6.11332 6.05789 2.50585 2.647524 3.850686 4.640208 3.963826 2.686111 6.912903 3.369617
6.101465 6.428848 6.765644 5.967813 5.178672 7.061492 3.222531 3.337346 2.773454 6.064492
5.790786 3.312923 5.677023 5.267724 3.643873 2.865705 4.497238 6.053964 8.938678 2.513566
4.910568 5.586425 4.085058 6.379538 6.389852 6.118674 12.226566 2.947681 8.432385 5.731924
8.258966 5.669387 4.851825 0.992904 7.739486 3.883642 5.343534 6.032549 6.771801 4.92362
3.555944 3.628207 6.697406 8.061773 5.791744 3.127673 3.724386 4.295026 7.664162 5.293704
1.006806 5.797511 2.179695 4.710904 3.924924 7.208902 3.027245 4.927069 8.314516 6.29774
7.048303 3.86483 4.875864 7.650727 7.393093 6.19814 2.603556 9.727301 5.043592 5.587762
4.953306 3.907367 3.783708 3.491941 7.545066 5.28998 2.810871 5.971717 2.764893 6.424847
5.578239 5.525046 5.434679 7.824588 4.405162 7.102114 5.995527 6.326882 5.753418 10.155512
2.774452 3.709173 7.238168 5.714807 3.216247 4.726272 2.202969 4.188756 1.238204 4.282607
8.161264 2.789567 4.640637 3.742643 7.400521 5.872102 9.236839 3.595292 5.717502 6.571262
5.01924 4.637841 2.990743 3.227801 5.981333 0.934845 3.233535 9.996956 6.57773 6.171273
5.191913 9.843999 3.13424 2.73142 3.598147 1.497585 8.677321 2.628872 9.583622 11.352554
6.446955 4.45339 5.353904 5.825414 6.504492 2.54368 7.133605 5.14174 4.211686 4.460159
6.355743 4.244396 3.582002 6.988755 2.310438 4.902877 2.667767 1.493012 3.812286 4.543773
2.667127 8.225592 3.864209 4.645441 1.10036 3.276748 2.397163 4.603349 6.3205 6.56598
4.094367 4.92388 3.11384 8.487794 2.136667 4.449644 2.582107 4.909049 3.140717 9.705318
2.018188 5.809258 2.638004 2.918582 4.730359 4.943555 6.171906 5.480388 4.167014 3.901142
4.199155 6.05733 3.592326 7.4075 1.651604 4.676765 5.340161 5.55982 7.869256 4.280367
8.263027 2.428126 4.582362 8.14737 3.981915 2.841861 5.158195 7.916808 4.379079 3.254358
7.093504 4.28904 5.025974 4.132974 2.934711 5.337525 8.859026 3.597628 6.555653 7.024999
4.37445 1.605581 2.095226 5.886283 2.523723 4.213376 2.269591 6.477978 8.076632 1.926741
2.480061 5.574602 3.957629 1.328142 5.156558 4.835381 1.49794 4.066672 8.166101 7.576024
3.900795 7.907398 6.599944 4.101718 3.543435 4.433136 4.47256 9.694111 5.17133 6.276255
3.99717 1.51127 4.224738 3.772451 6.964439 8.617374 4.811535 6.727225 5.679844 8.6381
5.581367 2.801665 7.017632 5.440551 3.090834 7.79973 8.196316 0.910908 2.656761 8.062402
4.678525 3.641742 1.616157 4.28422 3.164443 3.640265 2.003677 8.677652 5.334082 7.450524
7.516873 3.456795 7.342774 4.98054 1.529578 3.694918 4.440409 3.687724 7.400726 5.083169
4.193945 2.151017 6.586089 2.524477 5.069442 2.453599 3.422987 2.192205 6.394798 4.214876
3.821333 5.861345 9.483918 3.849247 1.713737 5.539775 1.891365 3.220337 6.315553 2.345703
1.013882 2.451163 4.26082 2.526393 5.182359 4.161688 2.340583 7.306318 3.859536 2.837092
8.732181 8.281231 3.92164 6.096516 5.763418 5.391219 7.169491 8.139633 7.18399 7.228293
6.27701 5.947827 2.942411 5.119216 4.441732 3.0232 8.462862 3.040369 5.113275 6.384291
2.113129 4.86366 7.584299 9.118146 6.049033 4.211586 3.912169 5.122673 4.153139 7.480872
5.946875 2.253702 5.999867 4.044428 3.973488 1.060981 1.458528 3.194546 4.203685 8.523833
4.12745 5.718501 3.306877 5.884491 5.027122 3.93308 3.726915 5.849012 5.800216 3.128487
2.078646 5.992683 8.588268 2.670049 6.612856 4.810049 4.851878 4.773758 4.377538 1.833163
3.978269 3.936937 3.304833 0.586562 7.488085 3.407015 5.65726 5.700215 5.907202 8.376526
4.503525 5.30232 5.427778 5.732256 5.659488 6.174589 3.331066 2.415049 3.507092 7.913741
6.065485 6.137601 2.516574 4.659108 4.687957 3.730985 1.850539 6.507878 4.42876 5.619123
2.252762 5.359517 5.390731 8.171958 8.078497 3.987851 4.744931 1.264775 7.725816 7.985462
4.551082 5.175352 5.636996 1.433373 4.697521 3.528694 6.540138 8.096179 3.698216 5.070293
1.796103 4.588842 4.195297 6.00425 7.374321 5.84383 6.197652 3.618643 3.097477 3.203863
6.76676 6.128105 4.062626 4.980754 2.819874 2.280398 6.11945 5.674738 2.712506 4.340468
5.264099 1.757279 5.984033 4.280313 3.618782 6.032669 5.369041 3.382666 6.667651 1.37003
5.671741 5.382013 7.847173 1.889026 6.990459 2.42141 3.924761 5.665246 5.905965 7.236234
3.716709 2.809569 4.861652 7.79346 4.446165 5.844927 4.787579 8.818245 6.005963 9.178279
4.924528 3.679767 5.994775 1.694971 6.513029 3.984985 9.821942 1.030291 6.026923 8.301225
2.800267 2.752483 8.034616 4.796094 5.525713 4.500977 2.876071 6.598168 5.374342 1.433048
3.253062 5.595658 2.025383 3.557751 4.280931 3.455423 3.72885 3.991707 1.823885 2.692941
5.296471 2.773387 3.415089 4.420254 5.733215 10.418485 3.483535 4.627641 2.917766 2.439837
3.026293 4.288768 1.639722 3.661501 4.065505 6.975154 4.611714 7.859684 2.255196 6.95602
3.176858 3.277602 1.163816 3.789518 5.432328 6.739851 6.360989 3.094278 5.71087 4.666662
3.34015 4.557016 3.505717 5.619111 2.960072 3.899169 4.119087 4.643236 2.622483 3.34337
3.599805 4.156263 9.314435 4.76015 6.852356 6.629933 4.406008 11.416069 5.543388 4.960519
9.441463 1.821192 7.160223 5.995763 2.991739 5.012894 10.230201 4.108959 2.636339 3.213185
5.950111 3.241142 4.209822 6.130777 6.121562 5.054229 4.041456 4.326833 5.164148 1.949277
2.424895 3.741937 3.970443 5.653697 7.283926 3.202356 4.365879 5.692018 4.996688 8.451901
8.065226 3.841664 7.637742 6.123365 4.853782 5.300476 5.833045 4.85558 5.057015 5.417167
10.090256 4.383192 7.578014 3.774445 3.927006 4.63526 4.890004 3.276767 2.366308 5.356246
6.730456 4.782298 9.703042 1.729895 4.848148 2.981035 1.190496 6.746741 3.89087 4.782856
7.616495 7.874905 7.197702 7.393556 3.019809 4.302979 6.845265 2.79147 3.387408 7.660456
4.679707 3.474217 4.451759 4.643444 1.760492 4.527687 6.18858 3.261948 3.014833 5.607326
2.920906 5.690385 4.055519 3.305327 5.234141 3.471044 2.765806 5.114367 4.395211 6.565402
4.304651 6.352627 4.14975 2.274429 4.459298 7.442351 5.6396 3.742101 1.818442 9.033613
2.836887 3.784172 2.133249 2.977579 5.413477 1.756644 2.864162 6.348278 1.734645 4.818984
1.169358 5.799325 5.029078 5.917638 3.142014 4.183774 4.283995 3.77249 5.143962 5.051265
4.04482 5.114879 4.380022 4.972956 8.016101 3.630274 6.121418 7.363847 3.882722 10.865902
4.482168 4.821826 3.083971 4.38426 2.305557 3.940333 5.842252 4.526799 6.541909 3.766276
5.817845 9.289835 6.395415 10.484127 5.827502 6.479491 3.930052 9.252163 2.909929 5.866258
2.51574 8.534111 3.053681 8.211085 4.129348 2.96578 6.696778 6.925277 4.56608 5.397154
7.500266 4.403511 6.875161 2.368737 6.558391 2.992182 3.394009 5.659839 8.092047 6.729075
1.470791 4.374633 5.729951 5.254413 8.273105 5.045516 3.775871 3.479422 3.607381 4.957352