3.499653 1.477128 4.568255 5.336489 2.166396 6.26331 3.8477 10.439971 5.510086 8.134369
6.170561 5.927339 5.915895 7.011581 3.719269 4.766332 3.517709 4.185292 1.57614 6.155039
2.485065 2.219213 4.848931 2.202568 7.261905 4.5473 5.765557 2.326084 4.315635 1.024354
8.267419 4.212315 2.726419 4.737086 5.107034 5.575744 4.569741 6.171957 5.476283 8.247953
6.138316 5.588944 4.601143 4.444233 2.657124 10.55656 1.60868 3.698007 5.6783 6.491624
2.234939 3.277785 2.767834 1.870142 2.435527 6.677671 2.772971 6.328256 3.236066 0.981819
5.014434 6.849111 3.256183 9.45016 5.871001 4.155851 4.991211 4.757728 9.19267 1.277986
2.769376 1.103002 6.522046 7.328961 2.701995 2.473139 7.49492 7.1583 7.072329 4.46371
6.847596 7.464532 6.533642 3.492632 5.321282 8.680665 2.644371 3.586542 9.554414 4.000043
3.691909 2.336473 5.255478 5.662209 4.171855 2.725883 4.979463 2.534656 1.738487 10.002428
4.037831 3.809702 6.179419 9.282866 6.577752 1.765598 2.620056 5.801435 4.79285 6.346087
7.828791 3.252785 3.372118 6.3658 3.844943 9.481955 3.020545 5.120622 4.240292 2.31406
2.280232 6.417779 3.594048 8.301554 2.975194 4.946947 3.649967 4.173429 9.290501 1.188502
8.991834 2.736681 6.99472 6.441588 1.377289 8.444215 2.887 2.515027 6.887885 3.262545
4.256073 4.367372 6.781959 4.110839 5.242083 1.945759 6.031028 1.5053 4.26897 5.013388
5.938033 6.817966 0.563224 5.289043 6.360485 9.198504 4.595242 4.389531 10.359264 5.35562
4.839739 7.536868 3.733968 3.862285 2.996322 4.975633 2.397226 4.268429 3.733497 5.043523
1.88884 4.840525 5.83676 4.092651 6.42122 2.809479 5.721711 3.186446 5.564182 2.930388
7.723964 5.277271 4.887644 3.642561 7.049554 6.079062 5.875207 2.993825 5.386347 4.172309
11.575464 2.490372 3.254549 4.25457 6.615974 6.828652 3.910027 5.596743 5.628633 6.873701
4.814183 6.155232 6.534484 4.720397 2.904609 3.30491 4.045343 3.952053 3.789159 4.263307
4.759324 2.353184 2.870954 2.302321 6.166962 3.626227 2.942716 2.420425 6.650276 5.489135
3.560108 4.041884 4.945207 3.933782 10.213988 6.306195 3.95678 3.828785 4.032602 4.465063
3.626622 5.059106 2.877187 2.718474 4.967771 2.019084 6.737092 7.780721 5.618063 4.631442
3.131239 8.517338 5.91211 7.274651 3.666455 5.956814 2.675215 4.084991 4.650164 2.406024
3.101433 1.824544 4.327885 2.126415 5.068315 5.350694 6.072783 2.714011 6.488409 4.325353
4.094103 3.9477 7.44429 7.164175 5.832352 4.344374 6.043571 1.367093 4.201445 2.676168
1.785253 3.239593 6.561884 5.643876 3.83905 3.629085 2.194222 2.005424 4.108656 6.626679
6.992088 5.548359 2.892116 5.142409 7.624831 3.006096 7.88197 6.904463 5.741383 2.198722
4.920558 6.083345 5.23124 2.407182 7.016883 2.754815 7.578985 5.36957 5.418922 8.934045
5.386454 4.679776 2.921503 3.768579 3.003448 4.844327 6.855677 4.107097 7.732021 3.924529
8.443169 9.911545 3.481838 4.631584 5.893996 1.859658 5.096739 3.189677 4.295698 4.408684
7.245854 2.46472 6.513379 4.810341 4.440959 4.337154 6.658241 4.066306 3.255843 4.092131
5.161509 7.638453 6.416214 2.2613 4.053208 4.984948 3.950657 4.547 2.214907 0.639122
3.970622 2.712702 5.996083 3.680188 7.342515 8.260081 2.418146 4.096128 7.441699 5.729759
3.77537 4.757572 4.402373 0.903924 5.326952 4.671893 4.902297 4.270468 6.093635 7.290702
5.99371 8.170184 6.057584 5.006556 5.692901 3.875907 5.670595 6.639712 3.824252 7.582311
5.071729 3.095206 7.059571 8.035687 7.463707 1.27355 3.000708 3.284586 6.090252 5.976479
6.862248 1.164626 3.366987 2.966571 3.239442 5.113505 3.864661 4.443924 3.636662 8.612806
2.454884 4.46112 6.578096 2.692368 3.820151 8.064883 4.494706 2.653483 5.251923 1.807386
3.268051 7.523858 3.594618 5.290678 4.368644 2.522279 3.120291 7.295306 5.621461 5.343205
2.697101 4.516327 3.587215 2.705778 9.388659 7.891972 5.31875 4.860299 6.934203 4.483264
3.732855 7.59911 1.840256 4.305623 3.808503 5.989378 6.578569 1.761413 10.014783 4.965525
4.157876 6.275735 2.565145 1.914241 2.358519 6.155413 3.870906 4.160361 4.750009 4.089239
3.782217 0.956823 6.461397 1.622033 2.944158 4.089566 4.093222 1.289773 3.399538 3.824188
3.524273 5.644818 5.084473 7.553252 6.587813 3.584785 4.309272 1.854301 4.54006 5.941266
4.54125 1.944399 6.119431 4.346149 7.21035 4.652964 4.085278 4.599012 6.22877 2.344079
4.216534 7.607488 3.285029 4.532767 7.221152 3.324232 2.697281 5.879698 2.022291 4.374762
5.311087 1.686313 3.535125 4.345978 1.465712 7.438652 3.339191 1.48682 6.233615 4.908448
1.937106 3.955442 6.747417 3.690776 2.588832 4.652763 11.875929 7.546979 6.533185 7.563211
1.949452 3.012849 6.867713 3.358134 2.709739 2.914573 4.443212 3.949661 5.046777 6.499583
2.180692 4.693216 5.996684 5.763656 3.182614 2.310086 2.971135 9.018024 4.783431 4.546006
7.44589 5.416306 4.170012 5.085613 6.394022 3.675864 4.169601 5.828676 2.977224 8.599496
4.812133 7.514206 4.258223 4.36543 5.18918 6.406311 2.974807 3.630991 3.308214 5.123156
3.818677 2.092654 4.257202 2.532631 2.292004 4.294049 8.493359 4.234591 4.410943 5.898012
1.935975 5.388417 10.606632 4.088427 2.266276 7.240456 5.447934 5.72148 3.012751 7.290307
4.605633 3.161235 3.657039 5.188488 3.606641 3.944434 2.040963 4.958029 4.059597 5.878092
8.078674 6.349588 3.516679 4.457955 6.626871 4.048692 3.260949 5.881597 6.299658 4.968661
3.950845 4.024648 4.047865 4.757695 4.882248 4.805547 4.967763 5.196727 6.435197 5.370157
4.095083 0.911247 7.56235 6.846233 2.153204 5.150889 3.801726 7.679555 3.63939 8.36837
2.980395 5.210527 5.852333 7.374261 5.629985 10.124962 3.248711 3.736896 3.54921 2.599695
4.21672 4.820714 1.744245 9.218746 2.868069 5.612867 4.301308 3.63081 5.507686 3.011469
2.734074 2.673831 5.476139 1.746357 7.402151 7.609691 3.837047 3.598181 11.586922 3.328518
6.957482 4.257566 3.364324 5.150166 4.298561 9.742079 4.47064 6.636982 3.702012 1.797339
6.214357 3.490552 4.637603 8.889174 1.971447 3.231009 2.516258 6.252646 4.029256 4.778304
4.034452 6.702186 2.977673 7.277759 3.765688 6.670596 5.640704 2.8088 4.1892 9.684258
6.53389 3.227983 6.637699 4.253876 6.163148 7.842581 7.014663 3.68521 4.713713 1.882006
3.130667 4.113598 6.677949 7.085313 3.068059 6.723111 7.309703 2.811773 5.620105 3.475844
5.841399 7.460356 4.952559 6.447719 4.841917 2.569614 3.730757 1.177965 1.512455 1.741799
5.819497 1.600871 4.140809 4.594465 6.446527 6.378305 4.345328 6.640948 4.94475 1.741137
3.859103 5.120862 6.02082 6.444698 5.06664 2.715686 5.158985 3.680253 6.675818 6.64896
7.083923 3.163774 6.578399 3.141075 4.559855 4.198702 2.822253 3.931598 10.117534 1.677775
4.467829 3.636398 7.380956 2.037311 7.005847 2.439551 7.775669 2.411262 6.72908 7.411604
1.705545 10.678095 3.422666 5.81938 3.156825 5.103974 2.746526 2.685259 5.619641 3.146493
5.712669 3.848941 3.770966 7.006608 3.287068 0.709524 6.154126 6.567705 5.906152 2.63243
1.870833 4.409025 4.193829 3.290382 7.325259 4.002716 4.880749 4.149124 3.854015 3.947274
4.395495 3.446163 3.821235 2.375071 3.415398 2.669786 1.771365 6.695511 6.289227 6.498787
7.203458 3.66997 7.343665 4.128408 3.882703 5.149755 3.834989 8.484731 4.150211 4.263062
0.726491 4.909341 4.573164 4.789114 3.378079 5.916091 5.802967 6.796915 2.948484 4.035629
2.227719 4.68603 6.966399 8.544476 6.080928 5.04833 2.568933 3.303448 3.241151 5.193198
4.501849 3.756814 4.832896 3.391234 5.115501 5.119315 6.347194 2.688365 4.228142 4.828844
7.334086 4.388925 9.120164 5.074614 1.456649 5.041677 6.067506 7.031034 6.57899 4.993737
7.209998 4.677824 3.416181 4.904292 7.204093 3.17643 6.319581 2.731698 2.18084 4.82378
1.155741 6.417757 4.57868 4.012056 5.992698 2.915107 4.293474 3.919707 3.462898 6.929063
2.966795 6.178192 4.381311 7.7611 6.959701 5.091151 4.798957 4.645705 4.466657 3.944388
5.978913 6.003632 1.621619 6.988135 4.178234 2.739049 3.765689 5.403355 5.439912 5.341857
6.792279 7.134889 2.42139 3.330532 3.55603 3.672975 3.960047 4.631055 6.829631 6.25393
3.445012 5.16046 6.304468 3.337951 5.659947 3.804673 5.042998 5.777338 5.958256 3.621321
3.046247 4.656204 4.770397 5.716468 5.893847 2.917068 2.713936 1.580596 2.70755 2.23974
3.365989 2.465138 6.440714 1.865186 1.597072 5.125562 5.771748 4.852165 3.133196 2.777964
7.156232 1.554392 6.412557 5.281639 3.708711 5.237367 7.248857 6.124798 5.580002 4.160395
6.679968 5.009287 7.386216 6.324586 6.280149 6.080202 3.30165 7.695203 8.130411 5.854252
2.197487 2.580184 7.521049 0.196011 3.711428 6.450143 11.528391 4.421968 6.535393 3.184683
5.570034 5.629892 3.207643 6.436756 4.464529 6.357115 5.320271 7.007097 3.548776 7.620029
6.121661 2.053348 3.977271 6.273099 0.54645 4.43155 4.525706 5.687972 3.190659 5.497928
3.071362 4.228432 1.917353 6.704779 5.192228 4.025878 5.843825 6.784509 8.612941 4.595166
6.407314 5.407114 7.340102 3.694387 5.000013 2.648222 2.568859 2.040521 3.62977 4.418521
2.393188 4.113742 3.409048 3.946656 5.294355 4.221921 6.073485 7.972198 4.506334 10.430841
7.489839 3.939916 7.020677 5.713666 7.155438 6.355261 4.867949 1.858758 3.571529 3.409232
2.829955 5.194716 5.442708 4.850288 2.560345 3.366481 5.164106 5.788603 8.553069 5.396935